154.678256867958  50.5732975013115  35.3547915634017  2.19804035784568  -7.00934909058689  3.85389658769827
50.5732975013115  167.003349564102  44.3785904271313  1.84676518054299  -12.5995706837463  -1.28235337282375
35.3547915634017  44.3785904271313  101.397848651174  3.07147172251032  0.246927288116151  3.35690851863848
2.19804035784568  1.84676518054299  3.07147172251032  43.7626255190907  0.56786330743335  -4.7755852717571
-7.00934909058689  -12.5995706837463  0.246927288116151  0.56786330743335  26.6505570917163  4.30661240147651
3.85389658769827  -1.28235337282375  3.35690851863848  -4.7755852717571  4.30661240147651  51.7570108978121
