117.524082970862  46.1400983248534  31.7483182227539  1.20367842862339  0.50511296642255  -3.06277047692603
46.1400983248534  112.82588912949  37.2168298376868  4.00943696843381  5.65133367862009  -13.4663036278961
31.7483182227539  37.2168298376868  126.812289159092  -3.97056712184031  1.33707424972229  -12.801758200654
1.20367842862339  4.00943696843381  -3.97056712184031  30.903161335876  -9.50447540412748  0.293653566326575
0.50511296642255  5.65133367862009  1.33707424972229  -9.50447540412748  19.2087693793843  -0.659871677035775
-3.06277047692603  -13.4663036278961  -12.801758200654  0.293653566326575  -0.659871677035775  42.8653952604889
