104.659513408121  42.2596955228461  29.2518460748826  -0.270245367878675  1.9362543267976  -5.05624179622083
42.2596955228461  106.137326489846  33.2211059641148  3.27274857579008  1.99385730127649  -9.82939539136139
29.2518460748826  33.2211059641148  81.9907998252801  0.072298161833975  4.24133672576441  -9.22182236039417
-0.270245367878675  3.27274857579008  0.072298161833975  31.2483059257515  -11.780625973602  -0.921372263547715
1.9362543267976  1.99385730127649  4.24133672576441  -11.780625973602  24.5877316042051  -0.335651371795453
-5.05624179622083  -9.82939539136139  -9.22182236039417  -0.921372263547715  -0.335651371795453  39.8038263495399
