151.684382039516  51.4259584650845  35.7824325388638  -3.25485777835359  1.1758982475515  2.35835862728967
51.4259584650845  149.086523986471  33.0010599496106  0.29265223392461  -5.38838856602822  -1.12046418458145
35.7824325388638  33.0010599496106  113.439357785707  0.694917390190025  9.87979872957511  1.02093481125613
-3.25485777835359  0.29265223392461  0.694917390190025  42.4766666127089  -0.553706025647242  -1.28414408328447
1.1758982475515  -5.38838856602822  9.87979872957511  -0.553706025647242  32.8339895566927  3.00700066946232
2.35835862728967  -1.12046418458145  1.02093481125613  -1.28414408328447  3.00700066946232  47.7456539045429
