86.917291467507  39.5831581630284  18.8218846359478  -2.80168012081647  0.292995931516675  -3.59163391070158
39.5831581630284  98.4989548479678  22.7769417890648  -2.01757324505737  3.84419947307555  -9.81516238494766
18.8218846359478  22.7769417890648  57.7799048131015  1.42873863083415  6.02711581169003  -6.78863050649825
-2.80168012081647  -2.01757324505737  1.42873863083415  20.7987632276568  -8.195826218645  0.776648406261056
0.292995931516675  3.84419947307555  6.02711581169003  -8.195826218645  11.2901748507043  1.43951275975584
-3.59163391070158  -9.81516238494766  -6.78863050649825  0.776648406261056  1.43951275975584  30.6227070836486
